resolution_m: 0.050000
numberofangles: 16
totalnumberofprimitives: 119
primID: 0
start_pose_disc: 0 0 0
end_pose_disc: -1 0 0
additionalactioncostmult: 0.0500
intermediateposes: 10
-0.0500 0.0000 0.0000
-0.0444 0.0000 0.0000
-0.0389 0.0000 0.0000
-0.0333 0.0000 0.0000
-0.0278 0.0000 0.0000
-0.0222 0.0000 0.0000
-0.0167 0.0000 0.0000
-0.0111 0.0000 0.0000
-0.0056 0.0000 0.0000
0.0000 0.0000 0.0000
primID: 1
start_pose_disc: 0 0 2
end_pose_disc: -1 -1 2
additionalactioncostmult: 0.0707
intermediateposes: 10
-0.0500 -0.0500 0.7854
-0.0444 -0.0444 0.7854
-0.0389 -0.0389 0.7854
-0.0333 -0.0333 0.7854
-0.0278 -0.0278 0.7854
-0.0222 -0.0222 0.7854
-0.0167 -0.0167 0.7854
-0.0111 -0.0111 0.7854
-0.0056 -0.0056 0.7854
0.0000 0.0000 0.7854
primID: 2
start_pose_disc: 0 0 4
end_pose_disc: 0 -1 4
additionalactioncostmult: 0.0500
intermediateposes: 10
0.0000 -0.0500 1.5708
0.0000 -0.0444 1.5708
0.0000 -0.0389 1.5708
0.0000 -0.0333 1.5708
0.0000 -0.0278 1.5708
0.0000 -0.0222 1.5708
0.0000 -0.0167 1.5708
0.0000 -0.0111 1.5708
0.0000 -0.0056 1.5708
0.0000 0.0000 1.5708
primID: 3
start_pose_disc: 0 0 6
end_pose_disc: 1 -1 6
additionalactioncostmult: 0.0707
intermediateposes: 10
0.0500 -0.0500 2.3562
0.0444 -0.0444 2.3562
0.0389 -0.0389 2.3562
0.0333 -0.0333 2.3562
0.0278 -0.0278 2.3562
0.0222 -0.0222 2.3562
0.0167 -0.0167 2.3562
0.0111 -0.0111 2.3562
0.0056 -0.0056 2.3562
0.0000 0.0000 2.3562
primID: 4
start_pose_disc: 0 0 8
end_pose_disc: 1 0 8
additionalactioncostmult: 0.0500
intermediateposes: 10
0.0500 0.0000 -3.1416
0.0444 -0.0000 -3.1416
0.0389 -0.0000 -3.1416
0.0333 -0.0000 -3.1416
0.0278 -0.0000 -3.1416
0.0222 -0.0000 -3.1416
0.0167 -0.0000 -3.1416
0.0111 -0.0000 -3.1416
0.0056 -0.0000 -3.1416
0.0000 -0.0000 -3.1416
primID: 5
start_pose_disc: 0 0 10
end_pose_disc: 1 1 10
additionalactioncostmult: 0.0707
intermediateposes: 10
0.0500 0.0500 -2.3562
0.0444 0.0444 -2.3562
0.0389 0.0389 -2.3562
0.0333 0.0333 -2.3562
0.0278 0.0278 -2.3562
0.0222 0.0222 -2.3562
0.0167 0.0167 -2.3562
0.0111 0.0111 -2.3562
0.0056 0.0056 -2.3562
0.0000 -0.0000 -2.3562
primID: 6
start_pose_disc: 0 0 12
end_pose_disc: 0 1 12
additionalactioncostmult: 0.0500
intermediateposes: 10
0.0000 0.0500 -1.5708
0.0000 0.0444 -1.5708
0.0000 0.0389 -1.5708
0.0000 0.0333 -1.5708
0.0000 0.0278 -1.5708
0.0000 0.0222 -1.5708
0.0000 0.0167 -1.5708
0.0000 0.0111 -1.5708
0.0000 0.0056 -1.5708
0.0000 0.0000 -1.5708
primID: 7
start_pose_disc: 0 0 14
end_pose_disc: -1 1 14
additionalactioncostmult: 0.0707
intermediateposes: 10
-0.0500 0.0500 -0.7854
-0.0444 0.0444 -0.7854
-0.0389 0.0389 -0.7854
-0.0333 0.0333 -0.7854
-0.0278 0.0278 -0.7854
-0.0222 0.0222 -0.7854
-0.0167 0.0167 -0.7854
-0.0111 0.0111 -0.7854
-0.0056 0.0056 -0.7854
0.0000 0.0000 -0.7854
primID: 8
start_pose_disc: 0 0 0
end_pose_disc: -2 0 0
additionalactioncostmult: 0.1000
intermediateposes: 10
-0.1000 0.0000 0.0000
-0.0889 0.0000 0.0000
-0.0778 0.0000 0.0000
-0.0667 0.0000 0.0000
-0.0556 0.0000 0.0000
-0.0444 0.0000 0.0000
-0.0333 0.0000 0.0000
-0.0222 0.0000 0.0000
-0.0111 0.0000 0.0000
0.0000 0.0000 0.0000
primID: 9
start_pose_disc: 0 0 2
end_pose_disc: -2 -2 2
additionalactioncostmult: 0.1414
intermediateposes: 10
-0.1000 -0.1000 0.7854
-0.0889 -0.0889 0.7854
-0.0778 -0.0778 0.7854
-0.0667 -0.0667 0.7854
-0.0556 -0.0556 0.7854
-0.0444 -0.0444 0.7854
-0.0333 -0.0333 0.7854
-0.0222 -0.0222 0.7854
-0.0111 -0.0111 0.7854
0.0000 0.0000 0.7854
primID: 10
start_pose_disc: 0 0 3
end_pose_disc: -1 -2 3
additionalactioncostmult: 0.1118
intermediateposes: 10
-0.0500 -0.1000 1.1071
-0.0444 -0.0889 1.1071
-0.0389 -0.0778 1.1071
-0.0333 -0.0667 1.1071
-0.0278 -0.0556 1.1071
-0.0222 -0.0444 1.1071
-0.0167 -0.0333 1.1071
-0.0111 -0.0222 1.1071
-0.0056 -0.0111 1.1071
0.0000 0.0000 1.1071
primID: 11
start_pose_disc: 0 0 3
end_pose_disc: -2 -2 1
additionalactioncostmult: 0.1439
intermediateposes: 10
-0.1000 -0.1000 0.4636
-0.0860 -0.0923 0.5351
-0.0725 -0.0837 0.6066
-0.0597 -0.0741 0.6781
-0.0476 -0.0637 0.7496
-0.0363 -0.0524 0.8211
-0.0259 -0.0403 0.8926
-0.0163 -0.0275 0.9641
-0.0077 -0.0140 1.0356
0.0000 0.0000 1.1071
primID: 12
start_pose_disc: 0 0 4
end_pose_disc: 0 -2 4
additionalactioncostmult: 0.1000
intermediateposes: 10
0.0000 -0.1000 1.5708
0.0000 -0.0889 1.5708
0.0000 -0.0778 1.5708
0.0000 -0.0667 1.5708
0.0000 -0.0556 1.5708
0.0000 -0.0444 1.5708
0.0000 -0.0333 1.5708
0.0000 -0.0222 1.5708
0.0000 -0.0111 1.5708
0.0000 0.0000 1.5708
primID: 13
start_pose_disc: 0 0 5
end_pose_disc: 2 -2 7
additionalactioncostmult: 0.1439
intermediateposes: 10
0.1000 -0.1000 2.6779
0.0860 -0.0923 2.6064
0.0725 -0.0837 2.5349
0.0597 -0.0741 2.4634
0.0476 -0.0637 2.3919
0.0363 -0.0524 2.3204
0.0259 -0.0403 2.2489
0.0163 -0.0275 2.1774
0.0077 -0.0140 2.1059
0.0000 0.0000 2.0344
primID: 14
start_pose_disc: 0 0 5
end_pose_disc: 1 -2 5
additionalactioncostmult: 0.1118
intermediateposes: 10
0.0500 -0.1000 2.0344
0.0444 -0.0889 2.0344
0.0389 -0.0778 2.0344
0.0333 -0.0667 2.0344
0.0278 -0.0556 2.0344
0.0222 -0.0444 2.0344
0.0167 -0.0333 2.0344
0.0111 -0.0222 2.0344
0.0056 -0.0111 2.0344
0.0000 0.0000 2.0344
primID: 15
start_pose_disc: 0 0 6
end_pose_disc: 2 -2 6
additionalactioncostmult: 0.1414
intermediateposes: 10
0.1000 -0.1000 2.3562
0.0889 -0.0889 2.3562
0.0778 -0.0778 2.3562
0.0667 -0.0667 2.3562
0.0556 -0.0556 2.3562
0.0444 -0.0444 2.3562
0.0333 -0.0333 2.3562
0.0222 -0.0222 2.3562
0.0111 -0.0111 2.3562
0.0000 0.0000 2.3562
primID: 16
start_pose_disc: 0 0 7
end_pose_disc: 2 -1 7
additionalactioncostmult: 0.1118
intermediateposes: 10
0.1000 -0.0500 2.6779
0.0889 -0.0444 2.6779
0.0778 -0.0389 2.6779
0.0667 -0.0333 2.6779
0.0556 -0.0278 2.6779
0.0444 -0.0222 2.6779
0.0333 -0.0167 2.6779
0.0222 -0.0111 2.6779
0.0111 -0.0056 2.6779
0.0000 0.0000 2.6779
primID: 17
start_pose_disc: 0 0 7
end_pose_disc: 2 -2 5
additionalactioncostmult: 0.1439
intermediateposes: 10
0.1000 -0.1000 2.0344
0.0923 -0.0860 2.1059
0.0837 -0.0725 2.1774
0.0741 -0.0597 2.2489
0.0637 -0.0476 2.3204
0.0524 -0.0363 2.3919
0.0403 -0.0259 2.4634
0.0275 -0.0163 2.5349
0.0140 -0.0077 2.6064
-0.0000 0.0000 2.6779
primID: 18
start_pose_disc: 0 0 8
end_pose_disc: 2 0 8
additionalactioncostmult: 0.1000
intermediateposes: 10
0.1000 0.0000 -3.1416
0.0889 -0.0000 -3.1416
0.0778 -0.0000 -3.1416
0.0667 -0.0000 -3.1416
0.0556 -0.0000 -3.1416
0.0444 -0.0000 -3.1416
0.0333 -0.0000 -3.1416
0.0222 -0.0000 -3.1416
0.0111 -0.0000 -3.1416
0.0000 -0.0000 -3.1416
primID: 19
start_pose_disc: 0 0 9
end_pose_disc: 2 2 11
additionalactioncostmult: 0.1439
intermediateposes: 10
0.1000 0.1000 -2.0344
0.0923 0.0860 -2.1059
0.0837 0.0725 -2.1774
0.0741 0.0597 -2.2489
0.0637 0.0476 -2.3204
0.0524 0.0363 -2.3919
0.0403 0.0259 -2.4634
0.0275 0.0163 -2.5349
0.0140 0.0077 -2.6064
-0.0000 -0.0000 -2.6779
primID: 20
start_pose_disc: 0 0 9
end_pose_disc: 2 1 9
additionalactioncostmult: 0.1118
intermediateposes: 10
0.1000 0.0500 -2.6779
0.0889 0.0444 -2.6779
0.0778 0.0389 -2.6779
0.0667 0.0333 -2.6779
0.0556 0.0278 -2.6779
0.0444 0.0222 -2.6779
0.0333 0.0167 -2.6779
0.0222 0.0111 -2.6779
0.0111 0.0056 -2.6779
0.0000 -0.0000 -2.6779
primID: 21
start_pose_disc: 0 0 10
end_pose_disc: 2 2 10
additionalactioncostmult: 0.1414
intermediateposes: 10
0.1000 0.1000 -2.3562
0.0889 0.0889 -2.3562
0.0778 0.0778 -2.3562
0.0667 0.0667 -2.3562
0.0556 0.0556 -2.3562
0.0444 0.0444 -2.3562
0.0333 0.0333 -2.3562
0.0222 0.0222 -2.3562
0.0111 0.0111 -2.3562
0.0000 -0.0000 -2.3562
primID: 22
start_pose_disc: 0 0 11
end_pose_disc: 1 2 11
additionalactioncostmult: 0.1118
intermediateposes: 10
0.0500 0.1000 -2.0344
0.0444 0.0889 -2.0344
0.0389 0.0778 -2.0344
0.0333 0.0667 -2.0344
0.0278 0.0556 -2.0344
0.0222 0.0444 -2.0344
0.0167 0.0333 -2.0344
0.0111 0.0222 -2.0344
0.0056 0.0111 -2.0344
0.0000 0.0000 -2.0344
primID: 23
start_pose_disc: 0 0 11
end_pose_disc: 2 2 9
additionalactioncostmult: 0.1439
intermediateposes: 10
0.1000 0.1000 -2.6779
0.0860 0.0923 -2.6064
0.0725 0.0837 -2.5349
0.0597 0.0741 -2.4634
0.0476 0.0637 -2.3919
0.0363 0.0524 -2.3204
0.0259 0.0403 -2.2489
0.0163 0.0275 -2.1774
0.0077 0.0140 -2.1059
0.0000 -0.0000 -2.0344
primID: 24
start_pose_disc: 0 0 12
end_pose_disc: 0 2 12
additionalactioncostmult: 0.1000
intermediateposes: 10
0.0000 0.1000 -1.5708
0.0000 0.0889 -1.5708
0.0000 0.0778 -1.5708
0.0000 0.0667 -1.5708
0.0000 0.0556 -1.5708
0.0000 0.0444 -1.5708
0.0000 0.0333 -1.5708
0.0000 0.0222 -1.5708
0.0000 0.0111 -1.5708
0.0000 0.0000 -1.5708
primID: 25
start_pose_disc: 0 0 13
end_pose_disc: -2 2 15
additionalactioncostmult: 0.1439
intermediateposes: 10
-0.1000 0.1000 -0.4636
-0.0860 0.0923 -0.5351
-0.0725 0.0837 -0.6066
-0.0597 0.0741 -0.6781
-0.0476 0.0637 -0.7496
-0.0363 0.0524 -0.8211
-0.0259 0.0403 -0.8926
-0.0163 0.0275 -0.9641
-0.0077 0.0140 -1.0356
0.0000 -0.0000 -1.1071
primID: 26
start_pose_disc: 0 0 13
end_pose_disc: -1 2 13
additionalactioncostmult: 0.1118
intermediateposes: 10
-0.0500 0.1000 -1.1071
-0.0444 0.0889 -1.1071
-0.0389 0.0778 -1.1071
-0.0333 0.0667 -1.1071
-0.0278 0.0556 -1.1071
-0.0222 0.0444 -1.1071
-0.0167 0.0333 -1.1071
-0.0111 0.0222 -1.1071
-0.0056 0.0111 -1.1071
0.0000 0.0000 -1.1071
primID: 27
start_pose_disc: 0 0 14
end_pose_disc: -2 2 14
additionalactioncostmult: 0.1414
intermediateposes: 10
-0.1000 0.1000 -0.7854
-0.0889 0.0889 -0.7854
-0.0778 0.0778 -0.7854
-0.0667 0.0667 -0.7854
-0.0556 0.0556 -0.7854
-0.0444 0.0444 -0.7854
-0.0333 0.0333 -0.7854
-0.0222 0.0222 -0.7854
-0.0111 0.0111 -0.7854
0.0000 0.0000 -0.7854
primID: 28
start_pose_disc: 0 0 15
end_pose_disc: -2 1 15
additionalactioncostmult: 0.1118
intermediateposes: 10
-0.1000 0.0500 -0.4636
-0.0889 0.0444 -0.4636
-0.0778 0.0389 -0.4636
-0.0667 0.0333 -0.4636
-0.0556 0.0278 -0.4636
-0.0444 0.0222 -0.4636
-0.0333 0.0167 -0.4636
-0.0222 0.0111 -0.4636
-0.0111 0.0056 -0.4636
0.0000 0.0000 -0.4636
primID: 29
start_pose_disc: 0 0 15
end_pose_disc: -2 2 13
additionalactioncostmult: 0.1439
intermediateposes: 10
-0.1000 0.1000 -1.1071
-0.0923 0.0860 -1.0356
-0.0837 0.0725 -0.9641
-0.0741 0.0597 -0.8926
-0.0637 0.0476 -0.8211
-0.0524 0.0363 -0.7496
-0.0403 0.0259 -0.6781
-0.0275 0.0163 -0.6066
-0.0140 0.0077 -0.5351
0.0000 0.0000 -0.4636
primID: 30
start_pose_disc: 0 0 0
end_pose_disc: -4 -1 1
additionalactioncostmult: 0.2080
intermediateposes: 10
-0.2000 -0.0500 0.4636
-0.1791 -0.0401 0.4196
-0.1578 -0.0312 0.3739
-0.1361 -0.0232 0.3263
-0.1140 -0.0164 0.2767
-0.0916 -0.0106 0.2252
-0.0690 -0.0060 0.1717
-0.0461 -0.0027 0.1163
-0.0231 -0.0007 0.0590
0.0000 0.0000 0.0000
primID: 31
start_pose_disc: 0 0 0
end_pose_disc: -4 0 0
additionalactioncostmult: 0.2000
intermediateposes: 10
-0.2000 0.0000 0.0000
-0.1778 0.0000 0.0000
-0.1556 0.0000 0.0000
-0.1333 0.0000 0.0000
-0.1111 0.0000 0.0000
-0.0889 0.0000 0.0000
-0.0667 0.0000 0.0000
-0.0444 0.0000 0.0000
-0.0222 0.0000 0.0000
0.0000 0.0000 0.0000
primID: 32
start_pose_disc: 0 0 0
end_pose_disc: -4 1 15
additionalactioncostmult: 0.2080
intermediateposes: 10
-0.2000 0.0500 -0.4636
-0.1791 0.0401 -0.4196
-0.1578 0.0312 -0.3739
-0.1361 0.0232 -0.3263
-0.1140 0.0164 -0.2767
-0.0916 0.0106 -0.2252
-0.0690 0.0060 -0.1717
-0.0461 0.0027 -0.1163
-0.0231 0.0007 -0.0590
0.0000 -0.0000 0.0000
primID: 33
start_pose_disc: 0 0 2
end_pose_disc: -3 -4 2
additionalactioncostmult: 0.2505
intermediateposes: 10
-0.1500 -0.2000 0.7854
-0.1312 -0.1795 0.8660
-0.1140 -0.1576 0.9290
-0.0979 -0.1349 0.9711
-0.0826 -0.1117 0.9921
-0.0674 -0.0883 0.9921
-0.0521 -0.0651 0.9711
-0.0360 -0.0424 0.9290
-0.0188 -0.0205 0.8660
-0.0000 -0.0000 0.7854
primID: 34
start_pose_disc: 0 0 2
end_pose_disc: -3 -4 3
additionalactioncostmult: 0.2511
intermediateposes: 10
-0.1500 -0.2000 1.1071
-0.1369 -0.1754 1.0606
-0.1228 -0.1513 1.0165
-0.1076 -0.1279 0.9751
-0.0915 -0.1051 0.9365
-0.0745 -0.0830 0.9008
-0.0568 -0.0614 0.8679
-0.0385 -0.0404 0.8377
-0.0195 -0.0200 0.8104
0.0000 -0.0000 0.7854
primID: 35
start_pose_disc: 0 0 2
end_pose_disc: -4 -4 1
additionalactioncostmult: 0.2848
intermediateposes: 10
-0.2000 -0.2000 0.4636
-0.1727 -0.1840 0.5906
-0.1476 -0.1648 0.6977
-0.1243 -0.1434 0.7810
-0.1026 -0.1203 0.8405
-0.0821 -0.0963 0.8763
-0.0621 -0.0717 0.8883
-0.0422 -0.0471 0.8764
-0.0217 -0.0231 0.8408
0.0000 0.0000 0.7854
primID: 36
start_pose_disc: 0 0 2
end_pose_disc: -4 -4 2
additionalactioncostmult: 0.2828
intermediateposes: 10
-0.2000 -0.2000 0.7854
-0.1778 -0.1778 0.7854
-0.1556 -0.1556 0.7854
-0.1333 -0.1333 0.7854
-0.1111 -0.1111 0.7854
-0.0889 -0.0889 0.7854
-0.0667 -0.0667 0.7854
-0.0444 -0.0444 0.7854
-0.0222 -0.0222 0.7854
0.0000 0.0000 0.7854
primID: 37
start_pose_disc: 0 0 2
end_pose_disc: -4 -4 3
additionalactioncostmult: 0.2848
intermediateposes: 10
-0.2000 -0.2000 1.1071
-0.1840 -0.1727 0.9802
-0.1648 -0.1476 0.8731
-0.1434 -0.1243 0.7898
-0.1203 -0.1026 0.7302
-0.0963 -0.0821 0.6945
-0.0717 -0.0621 0.6825
-0.0471 -0.0422 0.6944
-0.0231 -0.0217 0.7300
0.0000 0.0000 0.7854
primID: 38
start_pose_disc: 0 0 2
end_pose_disc: -4 -3 1
additionalactioncostmult: 0.2511
intermediateposes: 10
-0.2000 -0.1500 0.4636
-0.1754 -0.1369 0.5102
-0.1513 -0.1228 0.5543
-0.1279 -0.1076 0.5957
-0.1051 -0.0915 0.6342
-0.0830 -0.0745 0.6700
-0.0614 -0.0568 0.7029
-0.0404 -0.0385 0.7331
-0.0200 -0.0195 0.7604
-0.0000 0.0000 0.7854
primID: 39
start_pose_disc: 0 0 2
end_pose_disc: -4 -3 2
additionalactioncostmult: 0.2505
intermediateposes: 10
-0.2000 -0.1500 0.7854
-0.1795 -0.1312 0.7048
-0.1576 -0.1140 0.6418
-0.1349 -0.0979 0.5997
-0.1117 -0.0826 0.5787
-0.0883 -0.0674 0.5787
-0.0651 -0.0521 0.5997
-0.0424 -0.0360 0.6418
-0.0205 -0.0188 0.7048
0.0000 0.0000 0.7854
primID: 40
start_pose_disc: 0 0 3
end_pose_disc: 0 -4 5
additionalactioncostmult: 0.2073
intermediateposes: 10
0.0000 -0.2000 2.0344
-0.0092 -0.1789 1.9314
-0.0162 -0.1570 1.8284
-0.0209 -0.1344 1.7253
-0.0233 -0.1115 1.6223
-0.0233 -0.0885 1.5193
-0.0209 -0.0656 1.4162
-0.0162 -0.0430 1.3132
-0.0092 -0.0211 1.2102
0.0000 -0.0000 1.1071
primID: 41
start_pose_disc: 0 0 3
end_pose_disc: -1 -4 4
additionalactioncostmult: 0.2080
intermediateposes: 10
-0.0500 -0.2000 1.5708
-0.0493 -0.1769 1.5118
-0.0473 -0.1539 1.4545
-0.0440 -0.1310 1.3991
-0.0394 -0.1084 1.3456
-0.0336 -0.0860 1.2941
-0.0268 -0.0639 1.2445
-0.0188 -0.0422 1.1969
-0.0099 -0.0209 1.1512
0.0000 0.0000 1.1071
primID: 42
start_pose_disc: 0 0 3
end_pose_disc: -2 -4 3
additionalactioncostmult: 0.2236
intermediateposes: 10
-0.1000 -0.2000 1.1071
-0.0889 -0.1778 1.1071
-0.0778 -0.1556 1.1071
-0.0667 -0.1333 1.1071
-0.0556 -0.1111 1.1071
-0.0444 -0.0889 1.1071
-0.0333 -0.0667 1.1071
-0.0222 -0.0444 1.1071
-0.0111 -0.0222 1.1071
0.0000 0.0000 1.1071
primID: 43
start_pose_disc: 0 0 3
end_pose_disc: -3 -4 2
additionalactioncostmult: 0.2511
intermediateposes: 10
-0.1500 -0.2000 0.7854
-0.1305 -0.1800 0.8104
-0.1115 -0.1596 0.8377
-0.0932 -0.1386 0.8679
-0.0755 -0.1170 0.9008
-0.0585 -0.0949 0.9365
-0.0424 -0.0721 0.9751
-0.0272 -0.0487 1.0165
-0.0131 -0.0246 1.0606
-0.0000 0.0000 1.1071
primID: 44
start_pose_disc: 0 0 3
end_pose_disc: -3 -4 3
additionalactioncostmult: 0.2508
intermediateposes: 10
-0.1500 -0.2000 1.1071
-0.1362 -0.1758 1.0050
-0.1202 -0.1530 0.9251
-0.1027 -0.1313 0.8719
-0.0843 -0.1104 0.8452
-0.0657 -0.0896 0.8452
-0.0473 -0.0687 0.8719
-0.0298 -0.0470 0.9251
-0.0138 -0.0242 1.0050
0.0000 0.0000 1.1071
primID: 45
start_pose_disc: 0 0 3
end_pose_disc: -4 -4 1
additionalactioncostmult: 0.2878
intermediateposes: 10
-0.2000 -0.2000 0.4636
-0.1719 -0.1847 0.5351
-0.1450 -0.1674 0.6066
-0.1194 -0.1483 0.6781
-0.0953 -0.1273 0.7496
-0.0727 -0.1047 0.8211
-0.0517 -0.0806 0.8926
-0.0326 -0.0550 0.9641
-0.0153 -0.0281 1.0356
0.0000 0.0000 1.1071
primID: 46
start_pose_disc: 0 0 3
end_pose_disc: -4 -4 2
additionalactioncostmult: 0.2848
intermediateposes: 10
-0.2000 -0.2000 0.7854
-0.1769 -0.1783 0.7300
-0.1529 -0.1578 0.6944
-0.1283 -0.1379 0.6825
-0.1037 -0.1179 0.6945
-0.0797 -0.0974 0.7302
-0.0566 -0.0757 0.7898
-0.0352 -0.0524 0.8731
-0.0160 -0.0273 0.9802
0.0000 0.0000 1.1071
primID: 47
start_pose_disc: 0 0 4
end_pose_disc: 1 -4 5
additionalactioncostmult: 0.2080
intermediateposes: 10
0.0500 -0.2000 2.0344
0.0401 -0.1791 1.9904
0.0312 -0.1578 1.9447
0.0232 -0.1361 1.8970
0.0164 -0.1140 1.8475
0.0106 -0.0916 1.7960
0.0060 -0.0690 1.7425
0.0027 -0.0461 1.6871
0.0007 -0.0231 1.6298
0.0000 0.0000 1.5708
primID: 48
start_pose_disc: 0 0 4
end_pose_disc: 0 -4 4
additionalactioncostmult: 0.2000
intermediateposes: 10
0.0000 -0.2000 1.5708
0.0000 -0.1778 1.5708
0.0000 -0.1556 1.5708
0.0000 -0.1333 1.5708
0.0000 -0.1111 1.5708
0.0000 -0.0889 1.5708
0.0000 -0.0667 1.5708
0.0000 -0.0444 1.5708
0.0000 -0.0222 1.5708
0.0000 0.0000 1.5708
primID: 49
start_pose_disc: 0 0 4
end_pose_disc: -1 -4 3
additionalactioncostmult: 0.2080
intermediateposes: 10
-0.0500 -0.2000 1.1071
-0.0401 -0.1791 1.1512
-0.0312 -0.1578 1.1969
-0.0232 -0.1361 1.2445
-0.0164 -0.1140 1.2941
-0.0106 -0.0916 1.3456
-0.0060 -0.0690 1.3991
-0.0027 -0.0461 1.4545
-0.0007 -0.0231 1.5118
-0.0000 0.0000 1.5708
primID: 50
start_pose_disc: 0 0 5
end_pose_disc: 4 -4 6
additionalactioncostmult: 0.2848
intermediateposes: 10
0.2000 -0.2000 2.3562
0.1769 -0.1783 2.4116
0.1529 -0.1578 2.4472
0.1283 -0.1379 2.4591
0.1037 -0.1179 2.4471
0.0797 -0.0974 2.4113
0.0566 -0.0757 2.3518
0.0352 -0.0524 2.2685
0.0160 -0.0273 2.1614
0.0000 0.0000 2.0344
primID: 51
start_pose_disc: 0 0 5
end_pose_disc: 4 -4 7
additionalactioncostmult: 0.2878
intermediateposes: 10
0.2000 -0.2000 2.6779
0.1719 -0.1847 2.6064
0.1450 -0.1674 2.5349
0.1194 -0.1483 2.4634
0.0953 -0.1273 2.3919
0.0727 -0.1047 2.3204
0.0517 -0.0806 2.2489
0.0326 -0.0550 2.1774
0.0153 -0.0281 2.1059
0.0000 0.0000 2.0344
primID: 52
start_pose_disc: 0 0 5
end_pose_disc: 3 -4 5
additionalactioncostmult: 0.2508
intermediateposes: 10
0.1500 -0.2000 2.0344
0.1362 -0.1758 2.1366
0.1202 -0.1530 2.2165
0.1027 -0.1313 2.2697
0.0843 -0.1104 2.2964
0.0657 -0.0896 2.2964
0.0473 -0.0687 2.2697
0.0298 -0.0470 2.2165
0.0138 -0.0242 2.1366
0.0000 0.0000 2.0344
primID: 53
start_pose_disc: 0 0 5
end_pose_disc: 3 -4 6
additionalactioncostmult: 0.2511
intermediateposes: 10
0.1500 -0.2000 2.3562
0.1305 -0.1800 2.3312
0.1115 -0.1596 2.3039
0.0932 -0.1386 2.2737
0.0755 -0.1170 2.2408
0.0585 -0.0949 2.2050
0.0424 -0.0721 2.1665
0.0272 -0.0487 2.1251
0.0131 -0.0246 2.0810
0.0000 0.0000 2.0344
primID: 54
start_pose_disc: 0 0 5
end_pose_disc: 2 -4 5
additionalactioncostmult: 0.2236
intermediateposes: 10
0.1000 -0.2000 2.0344
0.0889 -0.1778 2.0344
0.0778 -0.1556 2.0344
0.0667 -0.1333 2.0344
0.0556 -0.1111 2.0344
0.0444 -0.0889 2.0344
0.0333 -0.0667 2.0344
0.0222 -0.0444 2.0344
0.0111 -0.0222 2.0344
0.0000 0.0000 2.0344
primID: 55
start_pose_disc: 0 0 5
end_pose_disc: 1 -4 4
additionalactioncostmult: 0.2080
intermediateposes: 10
0.0500 -0.2000 1.5708
0.0493 -0.1769 1.6298
0.0473 -0.1539 1.6871
0.0440 -0.1310 1.7425
0.0394 -0.1084 1.7960
0.0336 -0.0860 1.8475
0.0268 -0.0639 1.8970
0.0188 -0.0422 1.9447
0.0099 -0.0209 1.9904
-0.0000 -0.0000 2.0344
primID: 56
start_pose_disc: 0 0 5
end_pose_disc: 0 -4 3
additionalactioncostmult: 0.2073
intermediateposes: 10
0.0000 -0.2000 1.1071
0.0092 -0.1789 1.2102
0.0162 -0.1570 1.3132
0.0209 -0.1344 1.4162
0.0233 -0.1115 1.5193
0.0233 -0.0885 1.6223
0.0209 -0.0656 1.7253
0.0162 -0.0430 1.8284
0.0092 -0.0211 1.9314
0.0000 0.0000 2.0344
primID: 57
start_pose_disc: 0 0 6
end_pose_disc: 4 -3 6
additionalactioncostmult: 0.2505
intermediateposes: 10
0.2000 -0.1500 2.3562
0.1795 -0.1312 2.4368
0.1576 -0.1140 2.4998
0.1349 -0.0979 2.5419
0.1117 -0.0826 2.5629
0.0883 -0.0674 2.5629
0.0651 -0.0521 2.5419
0.0424 -0.0360 2.4998
0.0205 -0.0188 2.4368
0.0000 -0.0000 2.3562
primID: 58
start_pose_disc: 0 0 6
end_pose_disc: 4 -3 7
additionalactioncostmult: 0.2511
intermediateposes: 10
0.2000 -0.1500 2.6779
0.1754 -0.1369 2.6314
0.1513 -0.1228 2.5873
0.1279 -0.1076 2.5459
0.1051 -0.0915 2.5073
0.0830 -0.0745 2.4716
0.0614 -0.0568 2.4387
0.0404 -0.0385 2.4085
0.0200 -0.0195 2.3812
0.0000 -0.0000 2.3562
primID: 59
start_pose_disc: 0 0 6
end_pose_disc: 4 -4 5
additionalactioncostmult: 0.2848
intermediateposes: 10
0.2000 -0.2000 2.0344
0.1840 -0.1727 2.1614
0.1648 -0.1476 2.2685
0.1434 -0.1243 2.3518
0.1203 -0.1026 2.4113
0.0963 -0.0821 2.4471
0.0717 -0.0621 2.4591
0.0471 -0.0422 2.4472
0.0231 -0.0217 2.4116
-0.0000 0.0000 2.3562
primID: 60
start_pose_disc: 0 0 6
end_pose_disc: 4 -4 6
additionalactioncostmult: 0.2828
intermediateposes: 10
0.2000 -0.2000 2.3562
0.1778 -0.1778 2.3562
0.1556 -0.1556 2.3562
0.1333 -0.1333 2.3562
0.1111 -0.1111 2.3562
0.0889 -0.0889 2.3562
0.0667 -0.0667 2.3562
0.0444 -0.0444 2.3562
0.0222 -0.0222 2.3562
0.0000 0.0000 2.3562
primID: 61
start_pose_disc: 0 0 6
end_pose_disc: 4 -4 7
additionalactioncostmult: 0.2848
intermediateposes: 10
0.2000 -0.2000 2.6779
0.1727 -0.1840 2.5510
0.1476 -0.1648 2.4439
0.1243 -0.1434 2.3606
0.1026 -0.1203 2.3010
0.0821 -0.0963 2.2653
0.0621 -0.0717 2.2533
0.0422 -0.0471 2.2652
0.0217 -0.0231 2.3008
-0.0000 0.0000 2.3562
primID: 62
start_pose_disc: 0 0 6
end_pose_disc: 3 -4 5
additionalactioncostmult: 0.2511
intermediateposes: 10
0.1500 -0.2000 2.0344
0.1369 -0.1754 2.0810
0.1228 -0.1513 2.1251
0.1076 -0.1279 2.1665
0.0915 -0.1051 2.2050
0.0745 -0.0830 2.2408
0.0568 -0.0614 2.2737
0.0385 -0.0404 2.3039
0.0195 -0.0200 2.3312
0.0000 -0.0000 2.3562
primID: 63
start_pose_disc: 0 0 6
end_pose_disc: 3 -4 6
additionalactioncostmult: 0.2505
intermediateposes: 10
0.1500 -0.2000 2.3562
0.1312 -0.1795 2.2756
0.1140 -0.1576 2.2126
0.0979 -0.1349 2.1705
0.0826 -0.1117 2.1495
0.0674 -0.0883 2.1495
0.0521 -0.0651 2.1705
0.0360 -0.0424 2.2126
0.0188 -0.0205 2.2756
0.0000 0.0000 2.3562
primID: 64
start_pose_disc: 0 0 7
end_pose_disc: 4 0 9
additionalactioncostmult: 0.2073
intermediateposes: 10
0.2000 0.0000 -2.6779
0.1789 -0.0092 -2.7810
0.1570 -0.0162 -2.8840
0.1344 -0.0209 -2.9870
0.1115 -0.0233 -3.0901
0.0885 -0.0233 3.0901
0.0656 -0.0209 2.9870
0.0430 -0.0162 2.8840
0.0211 -0.0092 2.7810
0.0000 -0.0000 2.6779
primID: 65
start_pose_disc: 0 0 7
end_pose_disc: 4 -1 8
additionalactioncostmult: 0.2080
intermediateposes: 10
0.2000 -0.0500 -3.1416
0.1769 -0.0493 3.0826
0.1539 -0.0473 3.0253
0.1310 -0.0440 2.9699
0.1084 -0.0394 2.9164
0.0860 -0.0336 2.8649
0.0639 -0.0268 2.8153
0.0422 -0.0188 2.7677
0.0209 -0.0099 2.7220
0.0000 0.0000 2.6779
primID: 66
start_pose_disc: 0 0 7
end_pose_disc: 4 -2 7
additionalactioncostmult: 0.2236
intermediateposes: 10
0.2000 -0.1000 2.6779
0.1778 -0.0889 2.6779
0.1556 -0.0778 2.6779
0.1333 -0.0667 2.6779
0.1111 -0.0556 2.6779
0.0889 -0.0444 2.6779
0.0667 -0.0333 2.6779
0.0444 -0.0222 2.6779
0.0222 -0.0111 2.6779
0.0000 0.0000 2.6779
primID: 67
start_pose_disc: 0 0 7
end_pose_disc: 4 -3 6
additionalactioncostmult: 0.2511
intermediateposes: 10
0.2000 -0.1500 2.3562
0.1800 -0.1305 2.3812
0.1596 -0.1115 2.4085
0.1386 -0.0932 2.4387
0.1170 -0.0755 2.4716
0.0949 -0.0585 2.5073
0.0721 -0.0424 2.5459
0.0487 -0.0272 2.5873
0.0246 -0.0131 2.6314
-0.0000 -0.0000 2.6779
primID: 68
start_pose_disc: 0 0 7
end_pose_disc: 4 -3 7
additionalactioncostmult: 0.2508
intermediateposes: 10
0.2000 -0.1500 2.6779
0.1758 -0.1362 2.5758
0.1530 -0.1202 2.4959
0.1313 -0.1027 2.4427
0.1104 -0.0843 2.4160
0.0896 -0.0657 2.4160
0.0687 -0.0473 2.4427
0.0470 -0.0298 2.4959
0.0242 -0.0138 2.5758
-0.0000 0.0000 2.6779
primID: 69
start_pose_disc: 0 0 7
end_pose_disc: 4 -4 5
additionalactioncostmult: 0.2878
intermediateposes: 10
0.2000 -0.2000 2.0344
0.1847 -0.1719 2.1059
0.1674 -0.1450 2.1774
0.1483 -0.1194 2.2489
0.1273 -0.0953 2.3204
0.1047 -0.0727 2.3919
0.0806 -0.0517 2.4634
0.0550 -0.0326 2.5349
0.0281 -0.0153 2.6064
-0.0000 0.0000 2.6779
primID: 70
start_pose_disc: 0 0 7
end_pose_disc: 4 -4 6
additionalactioncostmult: 0.2848
intermediateposes: 10
0.2000 -0.2000 2.3562
0.1783 -0.1769 2.3008
0.1578 -0.1529 2.2652
0.1379 -0.1283 2.2533
0.1179 -0.1037 2.2653
0.0974 -0.0797 2.3010
0.0757 -0.0566 2.3606
0.0524 -0.0352 2.4439
0.0273 -0.0160 2.5510
0.0000 0.0000 2.6779
primID: 71
start_pose_disc: 0 0 8
end_pose_disc: 4 1 9
additionalactioncostmult: 0.2080
intermediateposes: 10
0.2000 0.0500 -2.6779
0.1791 0.0401 -2.7220
0.1578 0.0312 -2.7677
0.1361 0.0232 -2.8153
0.1140 0.0164 -2.8649
0.0916 0.0106 -2.9164
0.0690 0.0060 -2.9699
0.0461 0.0027 -3.0253
0.0231 0.0007 -3.0826
-0.0000 -0.0000 -3.1416
primID: 72
start_pose_disc: 0 0 8
end_pose_disc: 4 0 8
additionalactioncostmult: 0.2000
intermediateposes: 10
0.2000 0.0000 -3.1416
0.1778 -0.0000 -3.1416
0.1556 -0.0000 -3.1416
0.1333 -0.0000 -3.1416
0.1111 -0.0000 -3.1416
0.0889 -0.0000 -3.1416
0.0667 -0.0000 -3.1416
0.0444 -0.0000 -3.1416
0.0222 -0.0000 -3.1416
0.0000 -0.0000 -3.1416
primID: 73
start_pose_disc: 0 0 8
end_pose_disc: 4 -1 7
additionalactioncostmult: 0.2080
intermediateposes: 10
0.2000 -0.0500 2.6779
0.1791 -0.0401 2.7220
0.1578 -0.0312 2.7677
0.1361 -0.0232 2.8153
0.1140 -0.0164 2.8649
0.0916 -0.0106 2.9164
0.0690 -0.0060 2.9699
0.0461 -0.0027 3.0253
0.0231 -0.0007 3.0826
-0.0000 0.0000 -3.1416
primID: 74
start_pose_disc: 0 0 9
end_pose_disc: 4 4 10
additionalactioncostmult: 0.2848
intermediateposes: 10
0.2000 0.2000 -2.3562
0.1783 0.1769 -2.3008
0.1578 0.1529 -2.2652
0.1379 0.1283 -2.2533
0.1179 0.1037 -2.2653
0.0974 0.0797 -2.3010
0.0757 0.0566 -2.3606
0.0524 0.0352 -2.4439
0.0273 0.0160 -2.5510
0.0000 -0.0000 -2.6779
primID: 75
start_pose_disc: 0 0 9
end_pose_disc: 4 4 11
additionalactioncostmult: 0.2878
intermediateposes: 10
0.2000 0.2000 -2.0344
0.1847 0.1719 -2.1059
0.1674 0.1450 -2.1774
0.1483 0.1194 -2.2489
0.1273 0.0953 -2.3204
0.1047 0.0727 -2.3919
0.0806 0.0517 -2.4634
0.0550 0.0326 -2.5349
0.0281 0.0153 -2.6064
-0.0000 -0.0000 -2.6779
primID: 76
start_pose_disc: 0 0 9
end_pose_disc: 4 3 9
additionalactioncostmult: 0.2508
intermediateposes: 10
0.2000 0.1500 -2.6779
0.1758 0.1362 -2.5758
0.1530 0.1202 -2.4959
0.1313 0.1027 -2.4427
0.1104 0.0843 -2.4160
0.0896 0.0657 -2.4160
0.0687 0.0473 -2.4427
0.0470 0.0298 -2.4959
0.0242 0.0138 -2.5758
-0.0000 0.0000 -2.6779
primID: 77
start_pose_disc: 0 0 9
end_pose_disc: 4 3 10
additionalactioncostmult: 0.2511
intermediateposes: 10
0.2000 0.1500 -2.3562
0.1800 0.1305 -2.3812
0.1596 0.1115 -2.4085
0.1386 0.0932 -2.4387
0.1170 0.0755 -2.4716
0.0949 0.0585 -2.5073
0.0721 0.0424 -2.5459
0.0487 0.0272 -2.5873
0.0246 0.0131 -2.6314
-0.0000 0.0000 -2.6779
primID: 78
start_pose_disc: 0 0 9
end_pose_disc: 4 2 9
additionalactioncostmult: 0.2236
intermediateposes: 10
0.2000 0.1000 -2.6779
0.1778 0.0889 -2.6779
0.1556 0.0778 -2.6779
0.1333 0.0667 -2.6779
0.1111 0.0556 -2.6779
0.0889 0.0444 -2.6779
0.0667 0.0333 -2.6779
0.0444 0.0222 -2.6779
0.0222 0.0111 -2.6779
0.0000 -0.0000 -2.6779
primID: 79
start_pose_disc: 0 0 9
end_pose_disc: 4 1 8
additionalactioncostmult: 0.2080
intermediateposes: 10
0.2000 0.0500 -3.1416
0.1769 0.0493 -3.0826
0.1539 0.0473 -3.0253
0.1310 0.0440 -2.9699
0.1084 0.0394 -2.9164
0.0860 0.0336 -2.8649
0.0639 0.0268 -2.8153
0.0422 0.0188 -2.7677
0.0209 0.0099 -2.7220
0.0000 -0.0000 -2.6779
primID: 80
start_pose_disc: 0 0 9
end_pose_disc: 4 0 7
additionalactioncostmult: 0.2073
intermediateposes: 10
0.2000 0.0000 2.6779
0.1789 0.0092 2.7810
0.1570 0.0162 2.8840
0.1344 0.0209 2.9870
0.1115 0.0233 3.0901
0.0885 0.0233 -3.0901
0.0656 0.0209 -2.9870
0.0430 0.0162 -2.8840
0.0211 0.0092 -2.7810
0.0000 0.0000 -2.6779
primID: 81
start_pose_disc: 0 0 10
end_pose_disc: 3 4 10
additionalactioncostmult: 0.2505
intermediateposes: 10
0.1500 0.2000 -2.3562
0.1312 0.1795 -2.2756
0.1140 0.1576 -2.2126
0.0979 0.1349 -2.1705
0.0826 0.1117 -2.1495
0.0674 0.0883 -2.1495
0.0521 0.0651 -2.1705
0.0360 0.0424 -2.2126
0.0188 0.0205 -2.2756
0.0000 0.0000 -2.3562
primID: 82
start_pose_disc: 0 0 10
end_pose_disc: 3 4 11
additionalactioncostmult: 0.2511
intermediateposes: 10
0.1500 0.2000 -2.0344
0.1369 0.1754 -2.0810
0.1228 0.1513 -2.1251
0.1076 0.1279 -2.1665
0.0915 0.1051 -2.2050
0.0745 0.0830 -2.2408
0.0568 0.0614 -2.2737
0.0385 0.0404 -2.3039
0.0195 0.0200 -2.3312
0.0000 0.0000 -2.3562
primID: 83
start_pose_disc: 0 0 10
end_pose_disc: 4 4 9
additionalactioncostmult: 0.2848
intermediateposes: 10
0.2000 0.2000 -2.6779
0.1727 0.1840 -2.5510
0.1476 0.1648 -2.4439
0.1243 0.1434 -2.3606
0.1026 0.1203 -2.3010
0.0821 0.0963 -2.2653
0.0621 0.0717 -2.2533
0.0422 0.0471 -2.2652
0.0217 0.0231 -2.3008
-0.0000 -0.0000 -2.3562
primID: 84
start_pose_disc: 0 0 10
end_pose_disc: 4 4 10
additionalactioncostmult: 0.2828
intermediateposes: 10
0.2000 0.2000 -2.3562
0.1778 0.1778 -2.3562
0.1556 0.1556 -2.3562
0.1333 0.1333 -2.3562
0.1111 0.1111 -2.3562
0.0889 0.0889 -2.3562
0.0667 0.0667 -2.3562
0.0444 0.0444 -2.3562
0.0222 0.0222 -2.3562
0.0000 -0.0000 -2.3562
primID: 85
start_pose_disc: 0 0 10
end_pose_disc: 4 4 11
additionalactioncostmult: 0.2848
intermediateposes: 10
0.2000 0.2000 -2.0344
0.1840 0.1727 -2.1614
0.1648 0.1476 -2.2685
0.1434 0.1243 -2.3518
0.1203 0.1026 -2.4113
0.0963 0.0821 -2.4471
0.0717 0.0621 -2.4591
0.0471 0.0422 -2.4472
0.0231 0.0217 -2.4116
-0.0000 -0.0000 -2.3562
primID: 86
start_pose_disc: 0 0 10
end_pose_disc: 4 3 9
additionalactioncostmult: 0.2511
intermediateposes: 10
0.2000 0.1500 -2.6779
0.1754 0.1369 -2.6314
0.1513 0.1228 -2.5873
0.1279 0.1076 -2.5459
0.1051 0.0915 -2.5073
0.0830 0.0745 -2.4716
0.0614 0.0568 -2.4387
0.0404 0.0385 -2.4085
0.0200 0.0195 -2.3812
0.0000 0.0000 -2.3562
primID: 87
start_pose_disc: 0 0 10
end_pose_disc: 4 3 10
additionalactioncostmult: 0.2505
intermediateposes: 10
0.2000 0.1500 -2.3562
0.1795 0.1312 -2.4368
0.1576 0.1140 -2.4998
0.1349 0.0979 -2.5419
0.1117 0.0826 -2.5629
0.0883 0.0674 -2.5629
0.0651 0.0521 -2.5419
0.0424 0.0360 -2.4998
0.0205 0.0188 -2.4368
0.0000 0.0000 -2.3562
primID: 88
start_pose_disc: 0 0 11
end_pose_disc: 0 4 13
additionalactioncostmult: 0.2073
intermediateposes: 10
0.0000 0.2000 -1.1071
0.0092 0.1789 -1.2102
0.0162 0.1570 -1.3132
0.0209 0.1344 -1.4162
0.0233 0.1115 -1.5193
0.0233 0.0885 -1.6223
0.0209 0.0656 -1.7253
0.0162 0.0430 -1.8284
0.0092 0.0211 -1.9314
0.0000 0.0000 -2.0344
primID: 89
start_pose_disc: 0 0 11
end_pose_disc: 1 4 12
additionalactioncostmult: 0.2080
intermediateposes: 10
0.0500 0.2000 -1.5708
0.0493 0.1769 -1.6298
0.0473 0.1539 -1.6871
0.0440 0.1310 -1.7425
0.0394 0.1084 -1.7960
0.0336 0.0860 -1.8475
0.0268 0.0639 -1.8970
0.0188 0.0422 -1.9447
0.0099 0.0209 -1.9904
-0.0000 0.0000 -2.0344
primID: 90
start_pose_disc: 0 0 11
end_pose_disc: 2 4 11
additionalactioncostmult: 0.2236
intermediateposes: 10
0.1000 0.2000 -2.0344
0.0889 0.1778 -2.0344
0.0778 0.1556 -2.0344
0.0667 0.1333 -2.0344
0.0556 0.1111 -2.0344
0.0444 0.0889 -2.0344
0.0333 0.0667 -2.0344
0.0222 0.0444 -2.0344
0.0111 0.0222 -2.0344
0.0000 0.0000 -2.0344
primID: 91
start_pose_disc: 0 0 11
end_pose_disc: 3 4 10
additionalactioncostmult: 0.2511
intermediateposes: 10
0.1500 0.2000 -2.3562
0.1305 0.1800 -2.3312
0.1115 0.1596 -2.3039
0.0932 0.1386 -2.2737
0.0755 0.1170 -2.2408
0.0585 0.0949 -2.2050
0.0424 0.0721 -2.1665
0.0272 0.0487 -2.1251
0.0131 0.0246 -2.0810
0.0000 -0.0000 -2.0344
primID: 92
start_pose_disc: 0 0 11
end_pose_disc: 3 4 11
additionalactioncostmult: 0.2508
intermediateposes: 10
0.1500 0.2000 -2.0344
0.1362 0.1758 -2.1366
0.1202 0.1530 -2.2165
0.1027 0.1313 -2.2697
0.0843 0.1104 -2.2964
0.0657 0.0896 -2.2964
0.0473 0.0687 -2.2697
0.0298 0.0470 -2.2165
0.0138 0.0242 -2.1366
0.0000 -0.0000 -2.0344
primID: 93
start_pose_disc: 0 0 11
end_pose_disc: 4 4 9
additionalactioncostmult: 0.2878
intermediateposes: 10
0.2000 0.2000 -2.6779
0.1719 0.1847 -2.6064
0.1450 0.1674 -2.5349
0.1194 0.1483 -2.4634
0.0953 0.1273 -2.3919
0.0727 0.1047 -2.3204
0.0517 0.0806 -2.2489
0.0326 0.0550 -2.1774
0.0153 0.0281 -2.1059
0.0000 -0.0000 -2.0344
primID: 94
start_pose_disc: 0 0 11
end_pose_disc: 4 4 10
additionalactioncostmult: 0.2848
intermediateposes: 10
0.2000 0.2000 -2.3562
0.1769 0.1783 -2.4116
0.1529 0.1578 -2.4472
0.1283 0.1379 -2.4591
0.1037 0.1179 -2.4471
0.0797 0.0974 -2.4113
0.0566 0.0757 -2.3518
0.0352 0.0524 -2.2685
0.0160 0.0273 -2.1614
0.0000 -0.0000 -2.0344
primID: 95
start_pose_disc: 0 0 12
end_pose_disc: -1 4 13
additionalactioncostmult: 0.2080
intermediateposes: 10
-0.0500 0.2000 -1.1071
-0.0401 0.1791 -1.1512
-0.0312 0.1578 -1.1969
-0.0232 0.1361 -1.2445
-0.0164 0.1140 -1.2941
-0.0106 0.0916 -1.3456
-0.0060 0.0690 -1.3991
-0.0027 0.0461 -1.4545
-0.0007 0.0231 -1.5118
-0.0000 -0.0000 -1.5708
primID: 96
start_pose_disc: 0 0 12
end_pose_disc: 0 4 12
additionalactioncostmult: 0.2000
intermediateposes: 10
0.0000 0.2000 -1.5708
0.0000 0.1778 -1.5708
0.0000 0.1556 -1.5708
0.0000 0.1333 -1.5708
0.0000 0.1111 -1.5708
0.0000 0.0889 -1.5708
0.0000 0.0667 -1.5708
0.0000 0.0444 -1.5708
0.0000 0.0222 -1.5708
0.0000 0.0000 -1.5708
primID: 97
start_pose_disc: 0 0 12
end_pose_disc: 1 4 11
additionalactioncostmult: 0.2080
intermediateposes: 10
0.0500 0.2000 -2.0344
0.0401 0.1791 -1.9904
0.0312 0.1578 -1.9447
0.0232 0.1361 -1.8970
0.0164 0.1140 -1.8475
0.0106 0.0916 -1.7960
0.0060 0.0690 -1.7425
0.0027 0.0461 -1.6871
0.0007 0.0231 -1.6298
0.0000 -0.0000 -1.5708
primID: 98
start_pose_disc: 0 0 13
end_pose_disc: -4 4 14
additionalactioncostmult: 0.2848
intermediateposes: 10
-0.2000 0.2000 -0.7854
-0.1769 0.1783 -0.7300
-0.1529 0.1578 -0.6944
-0.1283 0.1379 -0.6825
-0.1037 0.1179 -0.6945
-0.0797 0.0974 -0.7302
-0.0566 0.0757 -0.7898
-0.0352 0.0524 -0.8731
-0.0160 0.0273 -0.9802
0.0000 0.0000 -1.1071
primID: 99
start_pose_disc: 0 0 13
end_pose_disc: -4 4 15
additionalactioncostmult: 0.2878
intermediateposes: 10
-0.2000 0.2000 -0.4636
-0.1719 0.1847 -0.5351
-0.1450 0.1674 -0.6066
-0.1194 0.1483 -0.6781
-0.0953 0.1273 -0.7496
-0.0727 0.1047 -0.8211
-0.0517 0.0806 -0.8926
-0.0326 0.0550 -0.9641
-0.0153 0.0281 -1.0356
0.0000 -0.0000 -1.1071
primID: 100
start_pose_disc: 0 0 13
end_pose_disc: -3 4 13
additionalactioncostmult: 0.2508
intermediateposes: 10
-0.1500 0.2000 -1.1071
-0.1362 0.1758 -1.0050
-0.1202 0.1530 -0.9251
-0.1027 0.1313 -0.8719
-0.0843 0.1104 -0.8452
-0.0657 0.0896 -0.8452
-0.0473 0.0687 -0.8719
-0.0298 0.0470 -0.9251
-0.0138 0.0242 -1.0050
0.0000 0.0000 -1.1071
primID: 101
start_pose_disc: 0 0 13
end_pose_disc: -3 4 14
additionalactioncostmult: 0.2511
intermediateposes: 10
-0.1500 0.2000 -0.7854
-0.1305 0.1800 -0.8104
-0.1115 0.1596 -0.8377
-0.0932 0.1386 -0.8679
-0.0755 0.1170 -0.9008
-0.0585 0.0949 -0.9365
-0.0424 0.0721 -0.9751
-0.0272 0.0487 -1.0165
-0.0131 0.0246 -1.0606
-0.0000 0.0000 -1.1071
primID: 102
start_pose_disc: 0 0 13
end_pose_disc: -2 4 13
additionalactioncostmult: 0.2236
intermediateposes: 10
-0.1000 0.2000 -1.1071
-0.0889 0.1778 -1.1071
-0.0778 0.1556 -1.1071
-0.0667 0.1333 -1.1071
-0.0556 0.1111 -1.1071
-0.0444 0.0889 -1.1071
-0.0333 0.0667 -1.1071
-0.0222 0.0444 -1.1071
-0.0111 0.0222 -1.1071
0.0000 0.0000 -1.1071
primID: 103
start_pose_disc: 0 0 13
end_pose_disc: -1 4 12
additionalactioncostmult: 0.2080
intermediateposes: 10
-0.0500 0.2000 -1.5708
-0.0493 0.1769 -1.5118
-0.0473 0.1539 -1.4545
-0.0440 0.1310 -1.3991
-0.0394 0.1084 -1.3456
-0.0336 0.0860 -1.2941
-0.0268 0.0639 -1.2445
-0.0188 0.0422 -1.1969
-0.0099 0.0209 -1.1512
0.0000 -0.0000 -1.1071
primID: 104
start_pose_disc: 0 0 13
end_pose_disc: 0 4 11
additionalactioncostmult: 0.2073
intermediateposes: 10
0.0000 0.2000 -2.0344
-0.0092 0.1789 -1.9314
-0.0162 0.1570 -1.8284
-0.0209 0.1344 -1.7253
-0.0233 0.1115 -1.6223
-0.0233 0.0885 -1.5193
-0.0209 0.0656 -1.4162
-0.0162 0.0430 -1.3132
-0.0092 0.0211 -1.2102
0.0000 0.0000 -1.1071
primID: 105
start_pose_disc: 0 0 14
end_pose_disc: -4 3 14
additionalactioncostmult: 0.2505
intermediateposes: 10
-0.2000 0.1500 -0.7854
-0.1795 0.1312 -0.7048
-0.1576 0.1140 -0.6418
-0.1349 0.0979 -0.5997
-0.1117 0.0826 -0.5787
-0.0883 0.0674 -0.5787
-0.0651 0.0521 -0.5997
-0.0424 0.0360 -0.6418
-0.0205 0.0188 -0.7048
0.0000 0.0000 -0.7854
primID: 106
start_pose_disc: 0 0 14
end_pose_disc: -4 3 15
additionalactioncostmult: 0.2511
intermediateposes: 10
-0.2000 0.1500 -0.4636
-0.1754 0.1369 -0.5102
-0.1513 0.1228 -0.5543
-0.1279 0.1076 -0.5957
-0.1051 0.0915 -0.6342
-0.0830 0.0745 -0.6700
-0.0614 0.0568 -0.7029
-0.0404 0.0385 -0.7331
-0.0200 0.0195 -0.7604
-0.0000 0.0000 -0.7854
primID: 107
start_pose_disc: 0 0 14
end_pose_disc: -4 4 13
additionalactioncostmult: 0.2848
intermediateposes: 10
-0.2000 0.2000 -1.1071
-0.1840 0.1727 -0.9802
-0.1648 0.1476 -0.8731
-0.1434 0.1243 -0.7898
-0.1203 0.1026 -0.7302
-0.0963 0.0821 -0.6945
-0.0717 0.0621 -0.6825
-0.0471 0.0422 -0.6944
-0.0231 0.0217 -0.7300
0.0000 -0.0000 -0.7854
primID: 108
start_pose_disc: 0 0 14
end_pose_disc: -4 4 14
additionalactioncostmult: 0.2828
intermediateposes: 10
-0.2000 0.2000 -0.7854
-0.1778 0.1778 -0.7854
-0.1556 0.1556 -0.7854
-0.1333 0.1333 -0.7854
-0.1111 0.1111 -0.7854
-0.0889 0.0889 -0.7854
-0.0667 0.0667 -0.7854
-0.0444 0.0444 -0.7854
-0.0222 0.0222 -0.7854
0.0000 0.0000 -0.7854
primID: 109
start_pose_disc: 0 0 14
end_pose_disc: -4 4 15
additionalactioncostmult: 0.2848
intermediateposes: 10
-0.2000 0.2000 -0.4636
-0.1727 0.1840 -0.5906
-0.1476 0.1648 -0.6977
-0.1243 0.1434 -0.7810
-0.1026 0.1203 -0.8405
-0.0821 0.0963 -0.8763
-0.0621 0.0717 -0.8883
-0.0422 0.0471 -0.8764
-0.0217 0.0231 -0.8408
0.0000 0.0000 -0.7854
primID: 110
start_pose_disc: 0 0 14
end_pose_disc: -3 4 13
additionalactioncostmult: 0.2511
intermediateposes: 10
-0.1500 0.2000 -1.1071
-0.1369 0.1754 -1.0606
-0.1228 0.1513 -1.0165
-0.1076 0.1279 -0.9751
-0.0915 0.1051 -0.9365
-0.0745 0.0830 -0.9008
-0.0568 0.0614 -0.8679
-0.0385 0.0404 -0.8377
-0.0195 0.0200 -0.8104
0.0000 0.0000 -0.7854
primID: 111
start_pose_disc: 0 0 14
end_pose_disc: -3 4 14
additionalactioncostmult: 0.2505
intermediateposes: 10
-0.1500 0.2000 -0.7854
-0.1312 0.1795 -0.8660
-0.1140 0.1576 -0.9290
-0.0979 0.1349 -0.9711
-0.0826 0.1117 -0.9921
-0.0674 0.0883 -0.9921
-0.0521 0.0651 -0.9711
-0.0360 0.0424 -0.9290
-0.0188 0.0205 -0.8660
-0.0000 0.0000 -0.7854
primID: 112
start_pose_disc: 0 0 15
end_pose_disc: -4 0 1
additionalactioncostmult: 0.2073
intermediateposes: 10
-0.2000 0.0000 0.4636
-0.1789 0.0092 0.3606
-0.1570 0.0162 0.2576
-0.1344 0.0209 0.1545
-0.1115 0.0233 0.0515
-0.0885 0.0233 -0.0515
-0.0656 0.0209 -0.1545
-0.0430 0.0162 -0.2576
-0.0211 0.0092 -0.3606
0.0000 0.0000 -0.4636
primID: 113
start_pose_disc: 0 0 15
end_pose_disc: -4 1 0
additionalactioncostmult: 0.2080
intermediateposes: 10
-0.2000 0.0500 0.0000
-0.1769 0.0493 -0.0590
-0.1539 0.0473 -0.1163
-0.1310 0.0440 -0.1717
-0.1084 0.0394 -0.2252
-0.0860 0.0336 -0.2767
-0.0639 0.0268 -0.3263
-0.0422 0.0188 -0.3739
-0.0209 0.0099 -0.4196
-0.0000 -0.0000 -0.4636
primID: 114
start_pose_disc: 0 0 15
end_pose_disc: -4 2 15
additionalactioncostmult: 0.2236
intermediateposes: 10
-0.2000 0.1000 -0.4636
-0.1778 0.0889 -0.4636
-0.1556 0.0778 -0.4636
-0.1333 0.0667 -0.4636
-0.1111 0.0556 -0.4636
-0.0889 0.0444 -0.4636
-0.0667 0.0333 -0.4636
-0.0444 0.0222 -0.4636
-0.0222 0.0111 -0.4636
0.0000 0.0000 -0.4636
primID: 115
start_pose_disc: 0 0 15
end_pose_disc: -4 3 14
additionalactioncostmult: 0.2511
intermediateposes: 10
-0.2000 0.1500 -0.7854
-0.1800 0.1305 -0.7604
-0.1596 0.1115 -0.7331
-0.1386 0.0932 -0.7029
-0.1170 0.0755 -0.6700
-0.0949 0.0585 -0.6342
-0.0721 0.0424 -0.5957
-0.0487 0.0272 -0.5543
-0.0246 0.0131 -0.5102
-0.0000 0.0000 -0.4636
primID: 116
start_pose_disc: 0 0 15
end_pose_disc: -4 3 15
additionalactioncostmult: 0.2508
intermediateposes: 10
-0.2000 0.1500 -0.4636
-0.1758 0.1362 -0.5658
-0.1530 0.1202 -0.6457
-0.1313 0.1027 -0.6989
-0.1104 0.0843 -0.7256
-0.0896 0.0657 -0.7256
-0.0687 0.0473 -0.6989
-0.0470 0.0298 -0.6457
-0.0242 0.0138 -0.5658
-0.0000 -0.0000 -0.4636
primID: 117
start_pose_disc: 0 0 15
end_pose_disc: -4 4 13
additionalactioncostmult: 0.2878
intermediateposes: 10
-0.2000 0.2000 -1.1071
-0.1847 0.1719 -1.0356
-0.1674 0.1450 -0.9641
-0.1483 0.1194 -0.8926
-0.1273 0.0953 -0.8211
-0.1047 0.0727 -0.7496
-0.0806 0.0517 -0.6781
-0.0550 0.0326 -0.6066
-0.0281 0.0153 -0.5351
0.0000 0.0000 -0.4636
primID: 118
start_pose_disc: 0 0 15
end_pose_disc: -4 4 14
additionalactioncostmult: 0.2848
intermediateposes: 10
-0.2000 0.2000 -0.7854
-0.1783 0.1769 -0.8408
-0.1578 0.1529 -0.8764
-0.1379 0.1283 -0.8883
-0.1179 0.1037 -0.8763
-0.0974 0.0797 -0.8405
-0.0757 0.0566 -0.7810
-0.0524 0.0352 -0.6977
-0.0273 0.0160 -0.5906
0.0000 0.0000 -0.4636
